0.577985
0.541516
0.543536
0.516123
0.487732
0.602664
0.574227
0.457383
0.509559
0.481394
0.455839
0.548320
0.516008
0.436547
0.439135
0.413041
0.494693
0.393688
0.467296
0.374904
0.440668
0.409827
0.451799
0.373576
0.427086
0.358009
0.404713
0.420048
0.383192
0.363569
0.365275
0.416159
0.386339
0.369021
0.345412
0.323106
0.390204
0.397510
0.370423
0.336282
0.355285
0.329691
0.408072
0.316337
0.391321
0.364390
0.318272
0.352256
0.395689
0.372115
0.346103
0.322769
0.300369
0.381530
0.358863
0.303608
0.282818
0.263526
0.244996
0.229209
0.441528
0.413504
0.407730
0.391136
0.366250
0.342292
0.403780
0.327124
0.315537
0.319476
0.309645
0.312919
0.291628
0.272002
0.254073
0.351270
0.450960
0.332792
0.310901
0.439765
0.417961
0.304629
0.284662
0.335842
0.420098
0.398996
0.378726
0.307898
0.348354
0.376009
0.335296
0.322552
0.326994
0.306466
0.328946
0.398700
0.308967
0.386699
0.298734
0.377756
0.355739
0.334798
0.314522
0.294928
0.276107
0.401661
0.359070
0.387328
0.344728
0.324466
0.382716
0.324393
0.304683
0.285766
0.267305
0.364120
0.406178
0.348261
0.392311
0.295659
0.346878
0.326672
0.303230
0.404201
0.384394
0.301998
0.375098
0.356276
0.304076
0.349088
0.296801
0.342886
0.324526
0.400651
0.379831
0.322979
0.305802
0.342834
0.384460
0.309594
0.341425
0.321594
0.316394
0.299052
0.404906
0.383895
0.363508
0.349048
0.329037
0.331360
0.313724
0.332317
0.385832
0.365749
0.329827
0.355389
0.335878
0.330993
0.311647
0.370573
0.346616
0.360077
0.322823
0.303821
0.285479
0.372207
0.278757
0.365521
0.390055
0.283349
0.265863
0.391777
0.370768
0.273041
0.255817
0.239526
0.415043
0.395741
0.394070
0.258100
0.385538
0.364357
0.343815
0.404935
0.329993
0.310819
0.292513
0.408403
0.283256
0.398446
0.352902
0.332166
0.392092
0.320181
0.320716
0.313799
0.314796
0.308243
0.309711
0.416777
0.310035
0.405927
0.299064
0.280848
0.263356
0.357532
0.337155
0.274442
0.431310
0.411327
0.392660
0.346801
0.327478
0.308408
0.394974
0.376580
0.335212
0.366813
0.324611
0.357810
0.315479
0.297077
0.366402
0.366396
0.353476
0.355980
0.342004
0.330512
0.333348
0.363727
0.323004
0.341585
0.322586
0.371329
0.353172
0.335748
0.351893
0.340741
0.341723
0.345874
0.331639
0.312685
0.360197
0.304867
0.351848
0.332328
0.310261
0.325670
0.394241
0.375706
0.322167
0.303846
0.285753
0.385078
0.366662
0.288998
0.271574
0.254913
0.238550
0.224062
0.424844
0.401900
0.408135
0.382642
0.361878
0.341497
0.403396
0.327821
0.304577
0.321409
0.300001
0.315808
0.296424
0.277975
0.260749
0.339279
0.445748
0.323195
0.303626
0.437231
0.418317
0.298340
0.280205
0.335362
0.420918
0.402237
0.384230
0.301601
0.345947
0.381286
0.333781
0.315875
0.326607
0.307596
0.322588
0.401426
0.309724
0.390044
0.299695
0.381825
0.348236
0.329060
0.314485
0.296085
0.278256
0.403477
0.352728
0.390297
0.339490
0.320643
0.385944
0.323298
0.304746
0.286768
0.269145
0.358915
0.407476
0.344158
0.394513
0.295744
0.343100
0.324063
0.303105
0.405599
0.386879
0.301554
0.377930
0.360042
0.303100
0.352917
0.295965
0.346855
0.329245
0.394979
0.375386
0.327255
0.310786
0.339770
0.380150
0.313998
0.338731
0.319882
0.319987
0.303270
0.400280
0.380361
0.360995
0.346735
0.327626
0.333596
0.316586
0.330613
0.382973
0.363808
0.328597
0.354040
0.335337
0.329888
0.311290
0.370663
0.345759
0.360562
0.322013
0.303709
0.286023
0.372078
0.279418
0.365658
0.387874
0.283750
0.266834
0.389689
0.369506
0.273670
0.256976
0.241128
0.413415
0.394840
0.392215
0.258902
0.384074
0.363674
0.343869
0.403910
0.330504
0.311968
0.294214
0.407173
0.285126
0.397518
0.350573
0.330601
0.391575
0.319105
0.321110
0.312916
0.315370
0.307531
0.310380
0.415524
0.309297
0.405128
0.298746
0.281100
0.264137
0.356516
0.336860
0.274729
0.429889
0.410534
0.392492
0.346245
0.327564
0.307594
0.394665
0.376846
0.334990
0.367369
0.324673
0.358561
0.315737
0.297911
0.364033
0.366709
0.351601
0.356642
0.340529
0.330250
0.332205
0.364054
0.322197
0.341025
0.322640
0.371351
0.353723
0.336857
0.350246
0.340134
0.340492
0.346524
0.330726
0.312373
0.359125
0.304818
0.351063
0.332196
0.310007
0.325726
0.393328
0.375363
0.322310
0.304565
0.287022
0.384314
0.366496
0.289971
0.273062
0.256853
0.240904
0.226737
0.421273
0.399100
0.406677
0.380664
0.360577
0.340860
0.402370
0.327656
0.304469
0.321407
0.300004
0.315905
0.297115
0.279233
0.262486
0.337818
0.443674
0.322450
0.303547
0.435572
0.417235
0.298510
0.280931
0.334488
0.419822
0.401721
0.384282
0.301561
0.344903
0.381361
0.333120
0.315406
0.326164
0.307751
0.321909
0.400895
0.309753
0.389766
0.299999
0.381807
0.346894
0.328351
0.314285
0.296461
0.279168
0.402718
0.351348
0.390020
0.338602
0.320372
0.385775
0.322684
0.304717
0.287290
0.270158
0.357417
0.406624
0.343261
0.394100
0.295796
0.342280
0.323874
0.302876
0.404881
0.386723
0.301373
0.378007
0.360664
0.302775
0.353663
0.295819
0.347743
0.330670
0.392755
0.373817
0.328573
0.312619
0.338157
0.378506
0.315585
0.337290
0.319074
0.321186
0.304987
0.398168
0.378913
0.360201
0.345294
0.326809
0.334104
0.317606
0.329642
0.381666
0.363134
0.327821
0.353717
0.335625
0.329086
0.311087
0.369829
0.345676
0.360057
0.321487
0.303749
0.286650
0.371160
0.280195
0.364970
0.386507
0.284281
0.267899
0.388248
0.368764
0.274363
0.258180
0.242776
0.411315
0.393374
0.390848
0.259827
0.382993
0.363301
0.344175
0.402425
0.331260
0.313322
0.296104
0.405502
0.287204
0.396111
0.348423
0.329183
0.390589
0.318176
0.321735
0.312141
0.316141
0.306904
0.311232
0.413896
0.308647
0.403931
0.298536
0.281459
0.265030
0.355653
0.336710
0.275105
0.428122
0.409371
0.391932
0.345862
0.327817
0.306875
0.393993
0.376738
0.334944
0.367554
0.324922
0.358951
0.316198
0.298954
0.361728
0.366695
0.349797
0.356992
0.339141
0.330146
0.331126
0.364103
0.321471
0.340587
0.322829
0.371113
0.354020
0.337724
0.348661
0.339655
0.339303
0.346957
0.329873
0.312135
0.358120
0.304834
0.350339
0.332147
0.309793
0.325865
0.392206
0.374822
0.322553
0.305408
0.288441
0.383348
0.366144
0.291104
0.274732
0.259002
0.243496
0.229672
0.417530
0.396160
0.405002
0.378586
0.359201
0.340176
0.401154
0.327476
0.304457
0.321396
0.300105
0.315998
0.297834
0.280557
0.264325
0.336363
0.441382
0.321738
0.303537
0.433700
0.415962
0.298764
0.281776
0.333580
0.418534
0.401035
0.384188
0.301606
0.343828
0.381297
0.332453
0.314987
0.325718
0.307938
0.321256
0.400217
0.309810
0.389354
0.300359
0.381674
0.345525
0.327652
0.314109
0.296894
0.280168
0.401824
0.349922
0.389625
0.337697
0.320121
0.385490
0.322079
0.304728
0.287884
0.271273
0.355853
0.405635
0.342326
0.393568
0.295902
0.341429
0.323691
0.302678
0.404032
0.386461
0.301235
0.377991
0.361221
0.302500
0.354351
0.295742
0.348592
0.332081
0.390407
0.372162
0.329871
0.314463
0.336530
0.376771
0.317187
0.335835
0.318279
0.322393
0.306738
0.395926
0.377376
0.359358
0.343801
0.325976
0.334599
0.318640
0.328655
0.380262
0.362401
0.327021
0.353356
0.335915
0.328257
0.310889
0.368912
0.345575
0.359486
0.320950
0.303809
0.287335
0.370151
0.281047
0.364207
0.385034
0.284874
0.269063
0.386695
0.367957
0.275135
0.259496
0.244569
0.409043
0.391769
0.389367
0.260864
0.381814
0.362878
0.344475
0.400784
0.332046
0.314749
0.298106
0.403672
0.289419
0.394559
0.346174
0.327713
0.389464
0.317220
0.322420
0.311342
0.316986
0.306259
0.312167
0.412082
0.307975
0.402570
0.298337
0.281860
0.266003
0.354766
0.336579
0.275529
0.426160
0.408040
0.391237
0.345481
0.328113
0.306141
0.393177
0.376510
0.334929
0.367646
0.325231
0.359262
0.316743
0.300118
0.359296
0.366587
0.347893
0.357265
0.337682
0.330086
0.329986
0.364061
0.320710
0.340165
0.323074
0.370779
0.354242
0.338548
0.346988
0.339200
0.338038
0.347333
0.328973
0.311883
0.357086
0.304848
0.349601
0.332129
0.309559
0.326049
0.390946
0.374167
0.322852
0.306345
0.289994
0.382252
0.365693
0.292370
0.276574
0.261356
0.246332
0.232881
0.413507
0.392991
0.403141
0.376330
0.357687
0.339391
0.399773
0.327231
0.304530
0.321336
0.300295
0.316049
0.298554
0.281930
0.266258
0.334900
0.438868
0.321051
0.303595
0.431607
0.414499
0.299099
0.282744
0.332604
0.417055
0.400188
0.383969
0.301728
0.342683
0.381107
0.331741
0.314607
0.325234
0.308129
0.320618
0.399396
0.309864
0.388806
0.300752
0.381434
0.344111
0.326952
0.313932
0.297362
0.281240
0.400789
0.348433
0.389109
0.336762
0.319882
0.385081
0.321460
0.304759
0.288537
0.272478
0.354207
0.404495
0.341346
0.392902
0.296043
0.340535
0.323510
0.302493
0.403032
0.386076
0.301124
0.377867
0.361699
0.302259
0.354967
0.295721
0.349394
0.333472
0.387910
0.370404
0.331131
0.316309
0.334865
0.374928
0.318799
0.334351
0.317482
0.323598
0.308522
0.393530
0.375734
0.358452
0.342230
0.325102
0.335072
0.319680
0.327629
0.378745
0.361598
0.326172
0.352949
0.336203
0.327378
0.310676
0.367888
0.345451
0.358829
0.320384
0.303868
0.288064
0.369020
0.281962
0.363350
0.383442
0.285514
0.270316
0.385020
0.367077
0.275974
0.260917
0.246504
0.406560
0.389989
0.387758
0.262010
0.380526
0.362399
0.344770
0.398947
0.332864
0.316254
0.300230
0.401643
0.291787
0.392824
0.343798
0.326176
0.388158
0.316223
0.323176
0.310500
0.317917
0.305577
0.313199
0.410029
0.307262
0.401000
0.298134
0.282295
0.267046
0.353859
0.336479
0.275991
0.423955
0.406494
0.390363
0.345109
0.328465
0.305374
0.392162
0.376111
0.334957
0.367602
0.325613
0.359451
0.317388
0.301427
0.356713
0.366338
0.345863
0.357416
0.336132
0.330084
0.328763
0.363880
0.319896
0.339770
0.323391
0.370304
0.354339
0.339290
0.345200
0.338779
0.336669
0.347608
0.328002
0.311597
0.356029
0.304836
0.348859
0.332154
0.309283
0.326293
0.389501
0.373350
0.323222
0.307398
0.291708
0.380976
0.365099
0.293798
0.278619
0.263953
0.249455
0.236410
0.409150
0.389540
0.401036
0.373853
0.355993
0.338465
0.398170
0.326882
0.304713
0.321190
0.300602
0.316021
0.299236
0.283324
0.268265
0.333451
0.436071
0.320410
0.303750
0.429230
0.412781
0.299543
0.283866
0.331527
0.415323
0.399116
0.383569
0.301953
0.341441
0.380729
0.330957
0.314287
0.324681
0.308301
0.320016
0.398381
0.309886
0.388056
0.301155
0.381039
0.342662
0.326267
0.313730
0.297847
0.282366
0.399564
0.346889
0.388422
0.335806
0.319670
0.384488
0.320806
0.304790
0.289233
0.273753
0.352484
0.403150
0.340328
0.392043
0.296199
0.339605
0.323341
0.302300
0.401827
0.385509
0.301020
0.377577
0.362042
0.302034
0.355454
0.295745
0.350106
0.334801
0.385256
0.368538
0.332293
0.318108
0.333139
0.372971
0.320379
0.332823
0.316667
0.324762
0.310303
0.390970
0.373981
0.357484
0.340551
0.324160
0.335483
0.320691
0.326541
0.377106
0.360721
0.325241
0.352495
0.336493
0.326420
0.310416
0.366708
0.345306
0.358041
0.319762
0.303890
0.288814
0.367716
0.282919
0.362363
0.381723
0.286168
0.271636
0.383215
0.366122
0.276856
0.262420
0.248560
0.403807
0.387982
0.386012
0.263245
0.379124
0.361862
0.345063
0.396854
0.333719
0.317850
0.302493
0.399353
0.294329
0.390846
0.341252
0.324543
0.386606
0.315158
0.324017
0.309577
0.318953
0.304821
0.314350
0.407654
0.306470
0.399147
0.297902
0.282734
0.268135
0.352944
0.336427
0.276463
0.421445
0.404659
0.389245
0.344755
0.328889
0.304541
0.390867
0.375457
0.335041
0.367354
0.326089
0.359453
0.318157
0.302907
0.353946
0.365875
0.343672
0.357374
0.334459
0.330161
0.327420
0.363483
0.318995
0.339419
0.323801
0.369621
0.354235
0.339883
0.343256
0.338413
0.335150
0.347714
0.326923
0.311237
0.354962
0.304757
0.348124
0.332242
0.308924
0.326620
0.387801
0.372293
0.323684
0.308590
0.293614
0.379450
0.364297
0.295419
0.280904
0.266836
0.252916
0.240318
0.404379
0.385733
0.398598
0.371092
0.354054
0.337328
0.396262
0.326360
0.305043
0.320897
0.301063
0.315844
0.299809
0.284681
0.270302
0.332051
0.432910
0.319850
0.304042
0.426474
0.410715
0.300131
0.285185
0.330292
0.413247
0.397732
0.382910
0.302314
0.340057
0.380071
0.330049
0.314055
0.324001
0.308400
0.319478
0.397099
0.309816
0.387006
0.301520
0.380416
0.341198
0.325621
0.313460
0.298303
0.283500
0.398076
0.345307
0.387491
0.334847
0.319506
0.383622
0.320078
0.304779
0.289932
0.275044
0.350698
0.401522
0.339291
0.390908
0.296321
0.338652
0.323203
0.302049
0.400337
0.384673
0.300880
0.377032
0.362163
0.301784
0.355718
0.295784
0.350659
0.335997
0.382444
0.366568
0.333254
0.319775
0.331313
0.370902
0.321858
0.331227
0.315799
0.325813
0.312021
0.388239
0.372116
0.356457
0.338713
0.323098
0.335771
0.321610
0.325343
0.375339
0.359769
0.324166
0.351995
0.336790
0.325326
0.310046
0.365297
0.345145
0.357056
0.319032
0.303808
0.289528
0.366159
0.283862
0.361196
0.379875
0.286766
0.272962
0.381281
0.365094
0.277714
0.263938
0.250674
0.400706
0.385677
0.384125
0.264511
0.377610
0.361272
0.345359
0.394423
0.334617
0.319547
0.304908
0.396720
0.297062
0.388542
0.338467
0.322764
0.384716
0.313972
0.324957
0.308504
0.320116
0.303921
0.315644
0.404840
0.305529
0.396915
0.297585
0.283112
0.269202
0.352039
0.336449
0.276876
0.418550
0.402437
0.387794
0.344434
0.329403
0.303573
0.389170
0.374421
0.335200
0.366803
0.326678
0.359167
0.319074
0.304588
0.350941
0.365090
0.341258
0.357027
0.332607
0.330338
0.325896
0.362749
0.317947
0.339132
0.324329
0.368627
0.353805
0.340223
0.341088
0.338122
0.333405
0.347539
0.325666
0.310726
0.353902
0.304529
0.347417
0.332415
0.308402
0.327053
0.385744
0.370882
0.324261
0.309949
0.295742
0.377567
0.363188
0.297266
0.283467
0.270047
0.256765
0.244661
0.399082
0.381462
0.395695
0.367953
0.351768
0.335868
0.393925
0.325547
0.305563
0.320343
0.301723
0.315397
0.300141
0.285882
0.272262
0.330760
0.429278
0.319424
0.304524
0.423211
0.408165
0.300908
0.286747
0.328800
0.410702
0.395901
0.381874
0.302853
0.338454
0.378989
0.328927
0.313951
0.323091
0.308327
0.319044
0.395448
0.309540
0.385501
0.301750
0.379460
0.339752
0.325047
0.313031
0.298636
0.284537
0.396226
0.343718
0.386209
0.333914
0.319420
0.382342
0.319198
0.304634
0.290544
0.276232
0.348882
0.399500
0.338265
0.389368
0.296303
0.337701
0.323122
0.301643
0.398447
0.383431
0.300609
0.376093
0.361919
0.301421
0.355604
0.295759
0.350942
0.336939
0.379490
0.364509
0.333829
0.321155
0.329310
0.368735
0.323109
0.329513
0.314808
0.326630
0.313562
0.385347
0.370149
0.355380
0.336630
0.321820
0.335828
0.322326
0.323949
0.373450
0.358745
0.322840
0.351452
0.337098
0.323998
0.309448
0.363540
0.344972
0.355766
0.318095
0.303485
0.290086
0.364226
0.284671
0.359780
0.377908
0.287162
0.274158
0.379235
0.364005
0.278412
0.265324
0.252685
0.397158
0.382982
0.382113
0.265668
0.376001
0.360637
0.345662
0.391548
0.335556
0.321338
0.307470
0.393638
0.299980
0.385802
0.335329
0.320747
0.382356
0.312568
0.326004
0.307151
0.321416
0.302742
0.317094
0.401418
0.304304
0.394166
0.297067
0.283294
0.270100
0.351180
0.336573
0.277089
0.415187
0.399698
0.385885
0.344167
0.330024
0.302342
0.386891
0.372802
0.335452
0.365797
0.327394
0.358436
0.320153
0.306480
0.347627
0.363809
0.338532
0.356197
0.330487
0.330638
0.324084
0.361483
0.316643
0.338935
0.324994
0.367168
0.352843
0.340132
0.338591
0.337934
0.331311
0.346900
0.324116
0.309928
0.352879
0.304002
0.346763
0.332691
0.307575
0.327613
0.383188
0.368936
0.324967
0.311487
0.298095
0.375171
0.361622
0.299349
0.286315
0.273593
0.261006
0.249456
0.393135
0.376590
0.392139
0.364309
0.348986
0.333906
0.390976
0.324251
0.306315
0.319342
0.302629
0.314473
0.299995
0.286702
0.273932
0.329666
0.425041
0.319196
0.305249
0.419267
0.404933
0.301911
0.288581
0.326895
0.407514
0.393427
0.380290
0.303605
0.336510
0.377256
0.327441
0.314019
0.321779
0.307904
0.318764
0.393289
0.308860
0.383293
0.301663
0.378008
0.338379
0.324587
0.312285
0.298666
0.285271
0.393872
0.342184
0.384418
0.333054
0.319446
0.380431
0.318030
0.304189
0.290889
0.277079
0.347103
0.396929
0.337295
0.387230
0.295955
0.336797
0.323126
0.300902
0.395996
0.381573
0.300036
0.374537
0.361072
0.300778
0.354848
0.295519
0.350763
0.337410
0.376459
0.362408
0.333689
0.321960
0.327011
0.366516
0.323898
0.327607
0.313571
0.326982
0.314707
0.382345
0.368120
0.354276
0.334175
0.320173
0.335462
0.322630
0.322222
0.371473
0.357661
0.321090
0.350878
0.337413
0.322282
0.308426
0.361246
0.344790
0.354003
0.316793
0.302699
0.290271
0.361714
0.285122
0.358004
0.375864
0.287097
0.274967
0.377128
0.362876
0.278694
0.266291
0.254283
0.393034
0.379769
0.380031
0.266448
0.374346
0.359976
0.345962
0.388096
0.336502
0.323167
0.310108
0.389982
0.303003
0.382493
0.331695
0.318364
0.379347
0.310796
0.327133
0.305320
0.322815
0.301078
0.318665
0.397160
0.302593
0.390718
0.296161
0.283046
0.270559
0.350413
0.336813
0.276852
0.411282
0.396271
0.383352
0.343975
0.330740
0.300656
0.383763
0.370288
0.335796
0.364107
0.328214
0.357020
0.321367
0.308528
0.343941
0.361772
0.335390
0.354598
0.327991
0.331064
0.321847
0.359374
0.314934
0.338841
0.325781
0.365013
0.351015
0.339314
0.335642
0.337868
0.328711
0.345494
0.322116
0.308641
0.351929
0.302951
0.346186
0.333058
0.306238
0.328278
0.379933
0.366180
0.325777
0.313156
0.300589
0.372052
0.359388
0.301598
0.289350
0.277356
0.265493
0.254558
0.386479
0.371026
0.387690
0.360054
0.345556
0.331229
0.387162
0.322221
0.307298
0.317646
0.303782
0.312799
0.299039
0.286798
0.274960
0.328867
0.420054
0.319216
0.306218
0.414436
0.400757
0.303116
0.290624
0.324392
0.403472
0.390041
0.377912
0.304559
0.334095
0.374528
0.325407
0.314281
0.319848
0.306884
0.318669
0.390438
0.307510
0.380000
0.300999
0.375810
0.337156
0.324273
0.311016
0.298139
0.285390
0.390815
0.340796
0.381887
0.332325
0.319597
0.377557
0.316406
0.303215
0.290704
0.277233
0.345470
0.393589
0.336433
0.384211
0.295009
0.335998
0.323225
0.299596
0.392761
0.378780
0.298928
0.372011
0.359233
0.299633
0.352998
0.294847
0.349782
0.337016
0.373516
0.360378
0.332259
0.321674
0.324300
0.364366
0.323798
0.325449
0.311945
0.326446
0.315034
0.379383
0.366138
0.353204
0.331240
0.317994
0.334325
0.322136
0.320029
0.369506
0.356559
0.318746
0.350296
0.337716
0.320024
0.306758
0.358105
0.344589
0.351481
0.314960
0.301190
0.289803
0.358288
0.284924
0.355664
0.373841
0.286254
0.275043
0.375067
0.361743
0.278238
0.266459
0.255033
0.388153
0.375843
0.377994
0.266492
0.372731
0.359303
0.346204
0.383900
0.337363
0.324872
0.312622
0.385624
0.305893
0.378474
0.327501
0.315528
0.375455
0.308529
0.328240
0.302835
0.324164
0.298738
0.320201
0.391779
0.300218
0.386336
0.294680
0.282106
0.270260
0.349773
0.337112
0.275898
0.406782
0.391947
0.379971
0.343856
0.331467
0.298355
0.379417
0.366428
0.336181
0.361404
0.329034
0.354572
0.322597
0.310543
0.339945
0.358618
0.331836
0.351801
0.325096
0.331565
0.319122
0.355959
0.312727
0.338826
0.326595
0.361835
0.347808
0.337304
0.332231
0.337915
0.325547
0.342850
0.319586
0.306714
0.351085
0.301201
0.345681
0.333428
0.304250
0.328932
0.375708
0.362215
0.326587
0.314794
0.302965
0.367933
0.356194
0.303792
0.292281
0.280979
0.269793
0.259517
0.379356
0.364929
0.382077
0.355282
0.341501
0.327778
0.382155
0.319342
0.308390
0.315127
0.305055
0.310234
0.297059
0.285890
0.275022
0.328379
0.414139
0.319431
0.307281
0.408483
0.395304
0.304357
0.292623
0.321269
0.398344
0.385398
0.374417
0.305595
0.331222
0.370331
0.322781
0.314692
0.317227
0.305132
0.318713
0.386644
0.305364
0.375082
0.299605
0.372482
0.336149
0.324082
0.309141
0.296898
0.284667
0.386736
0.339646
0.378267
0.331769
0.319822
0.373252
0.314288
0.301603
0.289817
0.276448
0.344094
0.389151
0.335688
0.379896
0.293339
0.335354
0.323372
0.297646
0.388418
0.374593
0.297193
0.367981
0.355821
0.297911
0.349364
0.293651
0.347433
0.335112
0.370950
0.358607
0.328674
0.319490
0.321276
0.362497
0.322114
0.323160
0.309958
0.324325
0.313834
0.376745
0.364413
0.352278
0.327938
0.315326
0.331835
0.320199
0.317454
0.367736
0.355525
0.315869
0.349756
0.337980
0.317286
0.304426
0.353608
0.344347
0.347741
0.312630
0.298932
0.288578
0.353392
0.283967
0.352352
0.371985
0.284547
0.274234
0.373184
0.360634
0.276926
0.265652
0.254697
0.382164
0.370820
0.376161
0.265652
0.371248
0.358618
0.346289
0.378679
0.337998
0.326206
0.314705
0.380361
0.308291
0.373535
0.323004
0.312393
0.370338
0.305876
0.329155
0.299805
0.325205
0.295823
0.321421
0.384888
0.297300
0.380652
0.292681
0.280481
0.269146
0.349235
0.337310
0.274239
0.401530
0.386400
0.375389
0.343779
0.332051
0.295585
0.373344
0.360611
0.336512
0.357223
0.329687
0.350611
0.323656
0.312230
0.335997
0.353865
0.328180
0.347210
0.322080
0.332045
0.316147
0.350613
0.310224
0.338823
0.327269
0.357181
0.342520
0.333449
0.328686
0.338050
0.322095
0.338324
0.316759
0.304319
0.350359
0.298909
0.345205
0.333653
0.301789
0.329383
0.370097
0.356479
0.327240
0.316170
0.304867
0.362405
0.351617
0.305623
0.294703
0.283966
0.273302
0.263683
0.372465
0.358900
0.374948
0.350470
0.337250
0.323919
0.375504
0.315938
0.309350
0.312071
0.306196
0.307092
0.294324
0.284139
0.274196
0.328044
0.406963
0.319639
0.308129
0.401060
0.388121
0.305350
0.294195
0.317900
0.391800
0.379028
0.369359
0.306504
0.328252
0.364053
0.319899
0.315128
0.314255
0.302920
0.318749
0.381498
0.302743
0.367844
0.297736
0.367452
0.335353
0.323919
0.306960
0.295183
0.283298
0.381107
0.338743
0.373023
0.331375
0.320014
0.366880
0.311986
0.299621
0.288444
0.274959
0.343000
0.383079
0.334992
0.373683
0.291239
0.334868
0.323481
0.295377
0.382444
0.368378
0.295131
0.361723
0.350097
0.295936
0.343064
0.292208
0.342923
0.330847
0.369038
0.357276
0.321884
0.314404
0.318412
0.361133
0.317951
0.321183
0.307984
0.319708
0.310181
0.374723
0.363187
0.351640
0.324726
0.312576
0.327195
0.315974
0.314948
0.366360
0.354664
0.312907
0.349340
0.338217
0.314465
0.301794
0.346998
0.344055
0.342097
0.310174
0.296317
0.286879
0.346209
0.282553
0.347375
0.370393
0.282349
0.272830
0.371537
0.359543
0.275073
0.264160
0.253538
0.374394
0.364019
0.374621
0.264234
0.369920
0.357897
0.346139
0.371875
0.338331
0.327019
0.316182
0.373705
0.309977
0.367208
0.318729
0.309361
0.363422
0.303229
0.329773
0.296672
0.325738
0.292759
0.322111
0.375826
0.294286
0.373006
0.290541
0.278547
0.267577
0.348718
0.337236
0.272261
0.395032
0.379034
0.369003
0.343719
0.332377
0.292803
0.364787
0.352011
0.336721
0.350893
0.330062
0.344456
0.324441
0.313419
0.332614
0.346830
0.324935
0.340006
0.319450
0.332456
0.313391
0.342509
0.307889
0.338770
0.327692
0.350389
0.334222
0.326907
0.325560
0.338276
0.318851
0.331100
0.314097
0.301903
0.349726
0.296515
0.344689
0.333621
0.299276
0.329492
0.362389
0.348143
0.327658
0.317181
0.306115
0.354739
0.344976
0.306956
0.296425
0.286072
0.275722
0.266739
0.366452
0.353534
0.365593
0.346146
0.333339
0.320172
0.366459
0.312529
0.309989
0.308956
0.307020
0.303892
0.291361
0.281998
0.272905
0.327621
0.397811
0.319618
0.308523
0.391432
0.378409
0.305896
0.295118
0.314759
0.383192
0.370126
0.362018
0.307153
0.325649
0.354784
0.317238
0.315498
0.311409
0.300701
0.318625
0.374265
0.300139
0.357304
0.295859
0.359885
0.334671
0.323674
0.304924
0.293418
0.281699
0.373080
0.337989
0.365336
0.331083
0.320082
0.357466
0.309904
0.297672
0.286988
0.273217
0.342078
0.374503
0.334215
0.364637
0.289132
0.334490
0.323488
0.293198
0.373943
0.359180
0.293146
0.352205
0.341095
0.294142
0.332955
0.290927
0.335246
0.323191
0.367830
0.356405
0.310583
0.305213
0.316187
0.360336
0.310236
0.320001
0.306435
0.311526
0.303022
0.373376
0.362559
0.351354
0.321979
0.310099
0.319390
0.308460
0.312935
0.365404
0.353983
0.310217
0.349084
0.338471
0.311847
0.299134
0.337125
0.343674
0.333556
0.307879
0.293653
0.284972
0.335517
0.281003
0.339738
0.368973
0.279967
0.271133
0.369996
0.358363
0.272949
0.262258
0.251843
0.363666
0.354332
0.373289
0.262541
0.368630
0.357067
0.345709
0.362454
0.338373
0.327330
0.317126
0.364618
0.311006
0.358492
0.314825
0.306595
0.353626
0.300781
0.330104
0.293612
0.325711
0.289698
0.322226
0.363226
0.291348
0.362103
0.288465
0.276534
0.265799
0.348122
0.336786
0.270169
0.386225
0.368659
0.359688
0.343665
0.332416
0.290185
0.352308
0.339113
0.336793
0.341241
0.330141
0.334902
0.324977
0.314141
0.329974
0.336258
0.322276
0.328770
0.317449
0.332819
0.311029
0.330171
0.305932
0.338606
0.327832
0.340245
0.321301
0.316296
0.323037
0.338625
0.315900
0.319827
0.311721
0.299581
0.349083
0.294121
0.344022
0.333251
0.296774
0.329188
0.351192
0.335634
0.327840
0.317884
0.306742
0.343445
0.334974
0.307866
0.297537
0.287392
0.277177
0.268862
0.361100
0.348647
0.352331
0.342205
0.329709
0.316445
0.353400
0.309054
0.310251
0.305720
0.307500
0.300578
0.288123
0.279479
0.271268
0.326905
0.385089
0.319221
0.308369
0.377857
0.364366
0.305931
0.295377
0.311785
0.370996
0.356890
0.350864
0.307515
0.323450
0.340573
0.314798
0.315780
0.308638
0.298483
0.318208
0.363411
0.297504
0.341363
0.294023
0.348141
0.333917
0.323214
0.303068
0.291617
0.279866
0.360952
0.337191
0.353554
0.330799
0.319949
0.342938
0.308027
0.295711
0.285468
0.271177
0.341113
0.361608
0.333146
0.350784
0.286926
0.334114
0.323340
0.291015
0.360998
0.344948
0.291157
0.337266
0.326845
0.292490
0.316715
0.289825
0.322515
0.310219
0.367179
0.355848
0.292136
0.289613
0.314516
0.359991
0.296997
0.319768
0.305257
0.297839
0.290522
0.372486
0.362463
0.351335
0.319396
0.307594
0.306520
0.295865
0.311237
0.364661
0.353299
0.307433
0.348908
0.338724
0.309060
0.296008
0.321600
0.343032
0.320136
0.305404
0.290483
0.282498
0.318756
0.279047
0.327531
0.367396
0.276943
0.268800
0.368218
0.356813
0.270143
0.259550
0.249248
0.347412
0.339438
0.371890
0.260245
0.367098
0.355930
0.344868
0.348138
0.338074
0.327130
0.317661
0.350796
0.311473
0.345164
0.310601
0.303637
0.338490
0.298123
0.330146
0.290045
0.325038
0.286040
0.321715
0.343825
0.287922
0.344948
0.286080
0.274048
0.263443
0.347291
0.335815
0.267538
0.372705
0.352473
0.344845
0.343600
0.332114
0.287229
0.332458
0.318302
0.336681
0.325581
0.329852
0.319204
0.325281
0.314432
0.327697
0.319230
0.319740
0.310243
0.315772
0.333163
0.308584
0.310128
0.303947
0.338196
0.327602
0.323963
0.300037
0.298524
0.320555
0.339113
0.312493
0.301409
0.308991
0.296678
0.348196
0.291025
0.342964
0.332345
0.293585
0.328305
0.333264
0.315262
0.327723
0.318322
0.306724
0.325116
0.318709
0.308400
0.298101
0.288015
0.277775
0.270299
0.355169
0.343061
0.331183
0.337679
0.325439
0.311722
0.332417
0.304516
0.310057
0.301434
0.307626
0.296197
0.283634
0.275793
0.268741
0.325682
0.364908
0.318271
0.307557
0.356055
0.341555
0.305342
0.294923
0.308184
0.351493
0.334935
0.332244
0.307554
0.321107
0.316692
0.311847
0.315972
0.305073
0.295531
0.317308
0.345296
0.293955
0.314881
0.291550
0.328294
0.332824
0.322326
0.300758
0.289102
0.277061
0.340635
0.336085
0.333721
0.330412
0.319489
0.318316
0.305688
0.292984
0.283231
0.267948
0.339820
0.340026
0.331468
0.327364
0.283728
0.333605
0.322947
0.287993
0.339022
0.320747
0.288329
0.311721
0.302644
0.290186
0.288856
0.288224
0.300354
0.287504
0.366936
0.355391
0.260530
0.262448
0.312375
0.359905
0.273899
0.319983
0.303476
0.274358
0.268726
0.371637
0.362751
0.351330
0.315517
0.303600
0.284419
0.274319
0.308590
0.363689
0.352179
0.303005
0.348578
0.338806
0.304655
0.290832
0.294984
0.341700
0.297427
0.301324
0.285131
0.278027
0.290059
0.275362
0.306510
0.365082
0.271625
0.264411
0.365659
0.354409
0.265176
0.254623
0.244378
0.319638
0.313973
0.370003
0.256012
0.364888
0.354127
0.343315
0.323690
0.337232
0.326241
0.317792
0.327046
0.311299
0.322301
0.304399
0.299190
0.312420
0.293995
0.329784
0.284419
0.323471
0.280265
0.320389
0.310106
0.282503
0.314658
0.282172
0.269814
0.259267
0.345987
0.334065
0.263120
0.348981
0.324030
0.318577
0.343520
0.331323
0.282577
0.297415
0.281548
0.336240
0.298075
0.328962
0.291501
0.325222
0.314135
0.324584
0.289536
0.315884
0.277450
0.313161
0.333439
0.304489
0.274985
0.300389
0.337201
0.326696
0.295704
0.262650
0.267319
0.316240
0.339613
0.306522
0.269562
0.303898
0.291136
0.346570
0.285181
0.341048
0.330441
0.287777
0.326448
0.301732
0.279324
0.327004
0.318308
0.305704
0.292775
0.290460
0.308282
0.297799
0.287655
0.277208
0.270906
0.346273
0.334392
0.293989
0.330382
0.318401
0.303824
0.295319
0.296729
0.309108
0.294040
0.307217
0.288687
0.275860
0.269130
0.263769
0.323673
0.328768
0.316486
0.305875
0.316845
0.300642
0.303814
0.293512
0.302144
0.317008
0.295274
0.298930
0.307013
0.317027
0.273758
0.306443
0.315929
0.298603
0.289929
0.315551
0.312646
0.287461
0.267732
0.286481
0.292708
0.330894
0.320550
0.296114
0.283985
0.271404
0.303955
0.334225
0.298125
0.329668
0.318356
0.273964
0.300928
0.287486
0.278340
0.261379
0.337747
0.301157
0.328690
0.285171
0.277402
0.332649
0.322021
0.282066
0.299139
0.277350
0.282478
0.266018
0.260326
0.284915
0.239984
0.283784
0.261459
0.248054
0.366603
0.354347
0.206724
0.216250
0.306348
0.359177
0.234833
0.317556
0.297569
0.234921
0.232439
0.369489
0.362468
0.350140
0.306361
0.294278
0.247023
0.238587
0.301111
0.361190
0.349378
0.293223
0.347176
0.337835
0.295192
0.280224
0.248252
0.338602
0.258539
0.292074
0.274122
0.268336
0.239831
0.266605
0.270054
0.360932
0.260719
0.254842
0.361459
0.350383
0.255132
0.244824
0.234704
0.269875
0.268958
0.366821
0.247002
0.361291
0.351007
0.340456
0.280249
0.335228
0.324097
0.317109
0.284710
0.309911
0.282124
0.293547
0.290599
0.266475
0.285699
0.328465
0.274072
0.320535
0.269939
0.317848
0.249922
0.272472
0.260127
0.274040
0.261217
0.250794
0.343672
0.331108
0.254621
0.305987
0.273178
0.272131
0.343048
0.329464
0.273671
0.235850
0.218435
0.334593
0.251498
0.326465
0.244986
0.323690
0.312178
0.317192
0.239855
0.306990
0.222162
0.305696
0.332643
0.294792
0.216320
0.291012
0.334361
0.323932
0.248901
0.200881
0.216821
0.305190
0.338567
0.293505
0.218385
0.291669
0.278476
0.342740
0.272508
0.337063
0.326445
0.275672
0.322731
0.248069
0.219361
0.324316
0.316548
0.302455
0.238648
0.244901
0.305888
0.295066
0.284882
0.274188
0.269364
0.331105
0.319302
0.231594
0.316599
0.305101
0.289782
0.232792
0.282639
0.306315
0.280635
0.305322
0.275400
0.262534
0.257138
0.253777
0.320463
0.265278
0.313328
0.302957
0.248994
0.231537
0.300454
0.290387
0.290662
0.259483
0.229308
0.245152
0.304356
0.307278
0.204633
0.294481
0.314181
0.285549
0.278114
0.311825
0.258919
0.274856
0.192951
0.274775
0.235966
0.326502
0.316373
0.285077
0.272643
0.259767
0.243766
0.330246
0.240977
0.327060
0.315070
0.203422
0.289348
0.275370
0.266965
0.248445
0.333709
0.238008
0.323843
0.217791
0.264438
0.329703
0.319142
0.269888
0.234710
0.209799
0.269514
0.195937
0.198223
0.271548
0.169097
0.270597
0.205226
0.192959
0.362769
0.349436
0.134255
0.154204
0.288535
0.353696
0.182339
0.303382
0.280032
0.181255
0.184924
0.361721
0.357378
0.343723
0.285866
0.274299
0.194754
0.190470
0.282218
0.353886
0.342051
0.273769
0.342115
0.333261
0.276919
0.261381
0.178494
0.331884
0.201806
0.273329
0.254671
0.250444
0.166350
0.248959
0.216630
0.353339
0.241757
0.237368
0.354662
0.343932
0.238212
0.228825
0.219175
0.193524
0.201403
0.360749
0.230774
0.355299
0.345542
0.335374
0.214215
0.330592
0.319508
0.314156
0.220451
0.305766
0.223071
0.276178
0.275064
0.199391
0.270077
0.324438
0.257288
0.315595
0.253894
0.313466
0.163438
0.256034
0.180651
0.258448
0.245751
0.235924
0.339053
0.326373
0.240570
0.240618
0.199647
0.206980
0.339834
0.324661
0.257949
0.152687
0.137952
0.328756
0.191376
0.319585
0.186331
0.317060
0.305528
0.299938
0.176403
0.287885
0.151933
0.287121
0.327249
0.275049
0.143128
0.270721
0.327141
0.317085
0.188867
0.125973
0.156143
0.281759
0.331558
0.270137
0.156597
0.268181
0.255707
0.334544
0.251152
0.329502
0.319331
0.256147
0.316408
0.176125
0.144368
0.317129
0.310401
0.295547
0.168947
0.188767
0.298172
0.287435
0.277592
0.267252
0.263604
0.309874
0.298232
0.152585
0.295499
0.285159
0.270343
0.153376
0.262675
0.300125
0.261806
0.300286
0.257481
0.245349
0.240998
0.239048
0.315799
0.178504
0.308374
0.298619
0.161320
0.147071
0.294273
0.284677
0.273021
0.187627
0.151114
0.183279
0.296445
0.288146
0.128090
0.273248
0.307344
0.264924
0.259015
0.304815
0.193295
0.255749
0.112706
0.254744
0.170859
0.317613
0.308009
0.265865
0.254258
0.242258
0.170858
0.322493
0.174099
0.319782
0.307512
0.125855
0.268816
0.255792
0.248345
0.230179
0.326569
0.162975
0.316542
0.141772
0.244686
0.322370
0.312228
0.251793
0.159798
0.137120
0.248592
0.122933
0.136107
0.248045
0.101506
0.246150
0.148746
0.140897
0.350603
0.337182
0.072739
0.098204
0.257844
0.340134
0.132165
0.274313
0.251407
0.128008
0.140039
0.346427
0.344411
0.330296
0.257538
0.247726
0.140061
0.141821
0.254180
0.341188
0.330082
0.249192
0.332615
0.324316
0.254561
0.239816
0.105893
0.322294
0.139827
0.249121
0.232091
0.229121
0.094070
0.226677
0.157792
0.343334
0.219795
0.216562
0.346348
0.336076
0.219284
0.211446
0.202580
0.113205
0.129459
0.351679
0.211123
0.347367
0.337994
0.328345
0.142120
0.322883
0.312316
0.307961
0.150404
0.298319
0.160927
0.255496
0.255034
0.131517
0.249254
0.316661
0.237735
0.309201
0.235980
0.307492
0.085955
0.237129
0.104476
0.238340
0.226905
0.218296
0.331817
0.320433
0.224740
0.168716
0.127746
0.144485
0.331599
0.316210
0.238310
0.082806
0.074833
0.318269
0.136725
0.308779
0.134747
0.305095
0.294525
0.275860
0.119586
0.262718
0.091899
0.261299
0.316610
0.250829
0.083199
0.245517
0.316828
0.307453
0.132511
0.067904
0.103972
0.253344
0.318910
0.244666
0.103418
0.241642
0.231075
0.323951
0.229037
0.320105
0.311003
0.236485
0.308903
0.108915
0.082852
0.306679
0.300704
0.286895
0.106386
0.137202
0.286557
0.276704
0.267524
0.258314
0.254811
0.289909
0.278477
0.087565
0.274645
0.265809
0.252586
0.087573
0.244166
0.291687
0.244516
0.292649
0.241431
0.230397
0.226640
0.225066
0.310201
0.100851
0.302613
0.293704
0.089600
0.081837
0.287223
0.277970
0.255439
0.124740
0.090676
0.132930
0.285112
0.266082
0.073762
0.250804
0.296486
0.244587
0.239991
0.296293
0.135061
0.237011
0.059497
0.234440
0.116804
0.307035
0.298038
0.245972
0.236116
0.225829
0.108605
0.312980
0.117779
0.309092
0.297473
0.070637
0.247573
0.236642
0.229968
0.213545
0.318018
0.101007
0.309157
0.084005
0.225809
0.312243
0.302684
0.234722
0.099775
0.084077
0.228146
0.071939
0.091140
0.224650
0.058073
0.221895
0.105262
0.103432
0.334760
0.322697
0.038466
0.061055
0.229589
0.324660
0.093695
0.244838
0.225431
0.086284
0.105075
0.330617
0.329023
0.315631
0.233481
0.225538
0.096272
0.102324
0.228790
0.327994
0.317727
0.228791
0.321745
0.313898
0.236265
0.222822
0.057444
0.312994
0.090224
0.228702
0.214142
0.211960
0.048967
0.208535
0.108673
0.334353
0.202418
0.199751
0.338675
0.328587
0.204194
0.197931
0.189665
0.059450
0.075994
0.342082
0.194916
0.339286
0.329960
0.320759
0.086580
0.314092
0.304136
0.299930
0.095958
0.289703
0.112353
0.238070
0.237196
0.082890
0.230558
0.307232
0.221379
0.302900
0.221322
0.300945
0.043272
0.221962
0.056362
0.221708
0.211671
0.204196
0.323513
0.314347
0.212259
0.110545
0.078115
0.099245
0.321091
0.306906
0.221713
0.043981
0.040838
0.307677
0.095605
0.298916
0.097357
0.293550
0.284059
0.255082
0.079718
0.241732
0.054303
0.239472
0.305120
0.231269
0.048174
0.225430
0.307190
0.298252
0.090522
0.036625
0.067889
0.231711
0.306232
0.226037
0.067473
0.221808
0.212817
0.314290
0.212643
0.311061
0.303321
0.221709
0.301363
0.064660
0.047417
0.296262
0.290626
0.278775
0.065394
0.097962
0.275319
0.266541
0.257669
0.249736
0.245451
0.275679
0.263924
0.050808
0.259450
0.251624
0.240028
0.049817
0.231326
0.282865
0.232388
0.284109
0.229853
0.219576
0.216218
0.214237
0.303783
0.054591
0.296791
0.288621
0.049496
0.045874
0.281103
0.271539
0.242618
0.080978
0.055241
0.097260
0.274862
0.249241
0.044302
0.234690
0.285652
0.229852
0.226049
0.287965
0.093296
0.223085
0.033446
0.219433
0.079817
0.297911
0.289155
0.230674
0.222519
0.213843
0.067900
0.304091
0.079441
0.298217
0.287571
0.041294
0.231656
0.222615
0.215992
0.200987
0.309567
0.062099
0.303087
0.050433
0.212001
0.302032
0.292695
0.221698
0.062867
0.053316
0.213153
0.043693
0.062672
0.207985
0.035223
0.204900
0.075317
0.078765
0.321229
0.310793
0.022814
0.040127
0.210525
0.311748
0.067841
0.222779
0.206905
0.058578
0.080685
0.318424
0.315458
0.303062
0.216242
0.209434
0.068140
0.075055
0.209887
0.316823
0.306703
0.213748
0.311205
0.303557
0.222343
0.209917
0.033827
0.304661
0.059336
0.213422
0.200811
0.199127
0.027870
0.195127
0.075959
0.327019
0.189717
0.187122
0.331589
0.321162
0.192325
0.187461
0.179349
0.033032
0.045135
0.332449
0.182553
0.330938
0.321421
0.312520
0.053182
0.304962
0.295229
0.291211
0.062458
0.280819
0.080463
0.225182
0.223192
0.054356
0.216104
0.297486
0.208554
0.296663
0.209766
0.293547
0.024979
0.210180
0.032901
0.209269
0.200060
0.193309
0.314256
0.307407
0.202380
0.073124
0.050079
0.070714
0.310622
0.297561
0.208924
0.026290
0.025285
0.297708
0.067931
0.290412
0.072844
0.283823
0.274831
0.239174
0.055561
0.225951
0.034650
0.223085
0.294235
0.216050
0.031039
0.210020
0.298198
0.289245
0.064029
0.022592
0.046412
0.216383
0.294822
0.212492
0.046609
0.207335
0.199113
0.305309
0.199814
0.301531
0.295613
0.209541
0.292956
0.041397
0.030438
0.285690
0.280412
0.270440
0.043572
0.071935
0.264653
0.256793
0.247422
0.240751
0.235340
0.264646
0.251655
0.033884
0.247225
0.239816
0.229621
0.032148
0.220985
0.273010
0.222323
0.274582
0.219411
0.209448
0.206594
0.203642
0.295578
0.033060
0.289986
0.282321
0.031209
0.029260
0.274459
0.263546
0.231640
0.055035
0.037335
0.074112
0.264910
0.235877
0.030224
0.222036
0.275057
0.217267
0.214096
0.278350
0.067649
0.210951
0.022116
0.206531
0.057647
0.289046
0.280105
0.217234
0.210622
0.203388
0.045339
0.294880
0.056462
0.287071
0.276913
0.027739
0.218212
0.210699
0.203409
0.188934
0.300159
0.041324
0.296923
0.033492
0.199923
0.291141
0.281537
0.209436
0.043396
0.037453
0.200100
0.029714
0.045959
0.194330
0.024201
0.191387
0.056204
0.063403
0.309330
0.300200
0.016163
0.029420
0.195578
0.299908
0.052223
0.204401
0.191234
0.042107
0.065092
0.308079
0.303163
0.291189
0.200988
0.194753
0.052518
0.058197
0.193493
0.306411
0.295359
0.199954
0.300413
0.292518
0.208751
0.196893
0.023786
0.295860
0.043033
0.198791
0.187498
0.186391
0.019064
0.181845
0.057595
0.319602
0.177157
0.174452
0.323141
0.311588
0.179568
0.176200
0.167801
0.021612
0.029755
0.320590
0.169667
0.320109
0.310334
0.301624
0.036148
0.293626
0.283502
0.280939
0.045168
0.269651
0.062528
0.212659
0.209116
0.039732
0.201915
0.285732
0.194978
0.288415
0.197325
0.282904
0.018046
0.197317
0.023033
0.196428
0.187576
0.181333
0.302016
0.297138
0.191090
0.052829
0.036161
0.054723
0.298985
0.285586
0.195599
0.019170
0.018948
0.285329
0.051896
0.279989
0.058901
0.272863
0.263637
0.223341
0.042891
0.210229
0.025775
0.206947
0.282020
0.199853
0.023717
0.193709
0.287030
0.277578
0.049764
0.017239
0.035490
0.201171
0.282191
0.198217
0.036143
0.192343
0.184351
0.294227
0.185363
0.288261
0.285238
0.195186
0.280884
0.030975
0.023412
0.272135
0.267656
0.259039
0.034097
0.057707
0.251337
0.244342
0.233333
0.228174
0.221723
0.251648
0.236251
0.027745
0.232394
0.225032
0.216394
0.025346
0.207929
0.259328
0.209363
0.261973
0.205136
0.195187
0.193242
0.188682
0.282730
0.024782
0.279612
0.272074
0.024399
0.023039
0.264132
0.250109
0.216903
0.042630
0.029965
0.061903
0.251280
0.219844
0.024753
0.206504
0.262443
0.200702
0.198405
0.263597
0.054890
0.194887
0.018140
0.189760
0.046534
0.276688
0.267087
0.199840
0.195079
0.189611
0.034739
0.281819
0.044789
0.272829
0.261756
0.022864
0.201187
0.195367
0.186733
0.172007
0.286353
0.032112
0.287154
0.026526
0.183861
0.276323
0.266050
0.192422
0.035073
0.030848
0.182903
0.024118
0.037857
0.177154
0.019881
0.174916
0.045792
0.055412
0.294936
0.286639
0.014108
0.025032
0.177479
0.284941
0.044560
0.182582
0.171800
0.033849
0.056709
0.295051
0.289043
0.275846
0.181321
0.175492
0.045630
0.049609
0.173339
0.292911
0.279418
0.181860
0.286610
0.277463
0.190362
0.178803
0.020582
0.283102
0.036417
0.179197
0.168906
0.168841
0.016254
0.163513
0.049277
0.308296
0.159634
0.156875
0.308677
0.294778
0.161095
0.159754
0.150666
0.017581
0.023443
0.302162
0.151150
0.302126
0.292267
0.283641
0.029751
0.275760
0.264408
0.265481
0.039348
0.251523
0.056122
0.195148
0.189421
0.034684
0.182362
0.267451
0.175358
0.273499
0.179086
0.263678
0.017070
0.178146
0.020614
0.177733
0.169043
0.163368
0.282502
0.278288
0.173644
0.044607
0.031188
0.048149
0.282368
0.265693
0.176345
0.017970
0.017738
0.265200
0.045847
0.262116
0.054110
0.255276
0.244860
0.201022
0.039059
0.188104
0.023881
0.184433
0.264314
0.176539
0.022212
0.170292
0.268466
0.257946
0.045059
0.017113
0.032350
0.179489
0.263562
0.177318
0.033094
0.170735
0.162708
0.275908
0.163715
0.265489
0.267068
0.173120
0.259702
0.028608
0.022258
0.250774
0.247339
0.239452
0.032957
0.054142
0.229890
0.223925
0.209800
0.206733
0.199568
0.230904
0.211637
0.028417
0.208713
0.201132
0.194893
0.025080
0.186694
0.236981
0.188144
0.241773
0.181594
0.171509
0.171135
0.164018
0.259368
0.024089
0.260424
0.252297
0.024315
0.023097
0.244740
0.225084
0.191778
0.040479
0.029295
0.059056
0.228556
0.193657
0.024612
0.181066
0.243724
0.173587
0.172573
0.237754
0.052092
0.168415
0.018635
0.162450
0.043529
0.255119
0.244326
0.171496
0.169414
0.166727
0.032200
0.259314
0.041791
0.250682
0.236259
0.023789
0.173659
0.170319
0.159599
0.144242
0.262281
0.030826
0.267506
0.026431
0.157467
0.252305
0.240778
0.164379
0.034397
0.030625
0.155154
0.024202
0.036634
0.149839
0.020013
0.149014
0.042630
0.053461
0.272225
0.263860
0.015015
0.024910
0.149254
0.260723
0.043438
0.149982
0.142008
0.032226
0.054581
0.272579
0.266777
0.250191
0.151008
0.145686
0.045046
0.048249
0.143076
0.269566
0.251636
0.153589
0.262689
0.251159
0.162009
0.150758
0.021378
0.259124
0.036982
0.149145
0.139873
0.141648
0.017061
0.135160
0.047495
0.285109
0.132235
0.129640
0.278791
0.261434
0.131871
0.133435
0.123444
0.018049
0.023253
0.269956
0.122176
0.268716
0.259227
0.250498
0.031724
0.243449
0.229784
0.234515
0.043110
0.218160
0.060114
0.167672
0.158561
0.037629
0.151861
0.234655
0.144487
0.242818
0.149935
0.226806
0.020961
0.147088
0.023724
0.147374
0.139000
0.134248
0.248124
0.241585
0.144776
0.045227
0.032633
0.048706
0.251810
0.229258
0.145747
0.021542
0.020026
0.228942
0.048929
0.228035
0.057316
0.222981
0.210337
0.164844
0.043181
0.152615
0.027963
0.148412
0.232334
0.139996
0.024663
0.133796
0.233981
0.221989
0.048452
0.021790
0.035675
0.144668
0.230665
0.143912
0.035843
0.136526
0.128489
0.241935
0.129211
0.224658
0.232422
0.137398
0.220891
0.032339
0.025044
0.212784
0.210174
0.203274
0.038249
0.060469
0.192625
0.188182
0.169679
0.169581
0.162387
0.195413
0.170315
0.033773
0.168491
0.160450
0.158137
0.029244
0.150437
0.199081
0.151945
0.205745
0.142011
0.131851
0.134216
0.123866
0.216148
0.029068
0.223380
0.213958
0.028822
0.027588
0.208457
0.181578
0.147844
0.046786
0.032275
0.062246
0.190352
0.148423
0.027058
0.137716
0.208080
0.128974
0.129877
0.192818
0.055466
0.124873
0.022013
0.118471
0.045210
0.215497
0.203378
0.125634
0.127240
0.128882
0.035251
0.218416
0.045144
0.210171
0.191410
0.029191
0.129402
0.129766
0.116851
0.101477
0.217503
0.035683
0.226011
0.032074
0.115410
0.208998
0.194923
0.120273
0.038656
0.034376
0.112212
0.028457
0.040471
0.107975
0.023202
0.109564
0.044493
0.054164
0.230503
0.220653
0.017577
0.026792
0.106666
0.215837
0.046497
0.103300
0.098901
0.036508
0.056264
0.228060
0.220351
0.202163
0.106581
0.102432
0.047508
0.052880
0.100003
0.222894
0.199247
0.111769
0.212362
0.200378
0.120457
0.110035
0.023822
0.209118
0.043333
0.105738
0.098084
0.102780
0.020132
0.095362
0.048155
0.232995
0.093342
0.091587
0.216833
0.197484
0.090464
0.095575
0.085513
0.022072
0.028682
0.208820
0.082608
0.205115
0.197114
0.188911
0.042638
0.184325
0.168484
0.173345
0.055637
0.160307
0.071593
0.124868
0.112052
0.047750
0.106442
0.177202
0.098797
0.183874
0.105668
0.163269
0.029427
0.100188
0.031310
0.101725
0.094808
0.091972
0.186595
0.175997
0.101410
0.050807
0.037702
0.051914
0.191979
0.166991
0.100339
0.029180
0.023158
0.167370
0.059133
0.168614
0.063634
0.168057
0.153878
0.109369
0.052881
0.099594
0.036974
0.095906
0.173526
0.088535
0.027754
0.083907
0.173873
0.161681
0.056396
0.031007
0.042716
0.093979
0.173343
0.095317
0.041235
0.088529
0.081874
0.181523
0.082210
0.157284
0.171271
0.087668
0.156677
0.038915
0.027889
0.149394
0.149238
0.144950
0.044788
0.072114
0.136372
0.134602
0.113577
0.117159
0.111763
0.135088
0.106060
0.036968
0.106736
0.099922
0.102943
0.033254
0.097447
0.139941
0.099310
0.146546
0.086834
0.078743
0.084886
0.074081
0.145395
0.037439
0.158926
0.150207
0.033258
0.032324
0.149936
0.119938
0.087014
0.057043
0.032291
0.062566
0.132880
0.087324
0.026315
0.080938
0.144662
0.073196
0.076504
0.125409
0.056978
0.071668
0.024673
0.067371
0.045616
0.149142
0.138288
0.071378
0.076173
0.082356
0.040168
0.150299
0.049800
0.142537
0.124617
0.034623
0.075829
0.080147
0.068267
0.056177
0.144649
0.043095
0.154198
0.040085
0.066752
0.140647
0.126552
0.068793
0.041226
0.036049
0.064098
0.032849
0.044435
0.062272
0.026017
0.066519
0.046571
0.051012
0.160303
0.150362
0.017916
0.025657
0.060954
0.144452
0.047123
0.056623
0.055392
0.044159
0.055398
0.154432
0.145003
0.132117
0.058724
0.057048
0.045443
0.058069
0.056276
0.148909
0.125093
0.065385
0.137535
0.130448
0.072155
0.064784
0.021910
0.134859
0.048325
0.059521
0.054900
0.061862
0.020958
0.055796
0.043971
0.150097
0.054081
0.053943
0.129479
0.115038
0.049504
0.056351
0.048773
0.025215
0.035995
0.125632
0.045379
0.122356
0.118857
0.114210
0.055052
0.114486
0.101021
0.106068
0.063205
0.099183
0.073095
0.070448
0.060077
0.054680
0.057561
0.111378
0.051401
0.114031
0.057378
0.095646
0.033829
0.052054
0.034780
0.055214
0.051487
0.051123
0.113362
0.103219
0.056687
0.049578
0.037085
0.047359
0.119464
0.100051
0.054304
0.032868
0.020023
0.100707
0.064536
0.103901
0.059283
0.108063
0.096300
0.054771
0.055396
0.049771
0.041694
0.048659
0.107929
0.043876
0.023791
0.042242
0.107656
0.099010
0.055831
0.036368
0.042987
0.048128
0.110355
0.050163
0.039876
0.046661
0.043046
0.113244
0.042928
0.090221
0.106028
0.044951
0.093410
0.036970
0.022673
0.088574
0.091840
0.090247
0.038988
0.072384
0.085164
0.086265
0.067918
0.073498
0.070952
0.069136
0.049147
0.027923
0.052472
0.049388
0.054851
0.028823
0.053198
0.082513
0.055065
0.088843
0.044433
0.040152
0.047198
0.039515
0.079650
0.039593
0.093710
0.089183
0.028152
0.028278
0.093170
0.069068
0.041933
0.057211
0.023132
0.050795
0.080033
0.043064
0.018097
0.040686
0.085659
0.035677
0.039247
0.069431
0.046847
0.036032
0.020451
0.034381
0.037697
0.086759
0.080604
0.035658
0.040316
0.047397
0.037629
0.087837
0.045185
0.083616
0.071409
0.030288
0.038944
0.044002
0.036185
0.028763
0.082762
0.041673
0.091228
0.038921
0.034408
0.083955
0.074485
0.034518
0.032729
0.028108
0.033053
0.028957
0.039724
0.033150
0.022362
0.037846
0.041503
0.040631
0.095869
0.089748
0.012636
0.018259
0.032281
0.085039
0.038298
0.029480
0.029230
0.045334
0.046254
0.091449
0.085933
0.079121
0.029241
0.029073
0.034080
0.053390
0.029689
0.089499
0.072342
0.034481
0.083874
0.081555
0.038492
0.034502
0.013671
0.080647
0.040864
0.030985
0.028612
0.034838
0.015205
0.031298
0.032153
0.086849
0.029608
0.030363
0.070644
0.062933
0.025673
0.031175
0.026618
0.020490
0.034646
0.070798
0.024206
0.069078
0.069140
0.067618
0.052829
0.070411
0.061062
0.066805
0.052580
0.062129
0.056716
0.035468
0.030187
0.048001
0.029702
0.068711
0.025614
0.068945
0.029294
0.055882
0.027062
0.026043
0.027663
0.029176
0.027463
0.027999
0.067388
0.059752
0.030587
0.037358
0.027675
0.034943
0.072533
0.059297
0.028803
0.027055
0.012401
0.059636
0.057514
0.062712
0.045061
0.068046
0.060076
0.027467
0.045916
0.025184
0.036203
0.025407
0.066601
0.022509
0.015192
0.022215
0.066033
0.061081
0.044160
0.032034
0.034309
0.025235
0.069597
0.026653
0.030919
0.025335
0.023531
0.069623
0.023177
0.052698
0.066070
0.023685
0.057227
0.026506
0.013757
0.054164
0.058570
0.058024
0.025648
0.059813
0.054506
0.056879
0.042655
0.048142
0.047386
0.034157
0.023600
0.015889
0.026647
0.025488
0.029825
0.019156
0.030024
0.050242
0.031556
0.056044
0.024161
0.021974
0.027565
0.022796
0.045861
0.032528
0.056388
0.054582
0.018158
0.019064
0.059060
0.041953
0.021994
0.046760
0.013401
0.035836
0.049479
0.023267
0.010138
0.022304
0.052961
0.019243
0.021865
0.040974
0.032670
0.019948
0.013359
0.019415
0.026726
0.051991
0.048987
0.019773
0.023053
0.028712
0.028989
0.053238
0.034678
0.051347
0.043407
0.021332
0.022097
0.026055
0.021152
0.016539
0.049903
0.033292
0.056332
0.030967
0.019686
0.052602
0.046808
0.019350
0.021773
0.018546
0.019045
0.021202
0.030946
0.019700
0.016164
0.023606
0.033074
0.030203
0.058258
0.055220
0.007517
0.011476
0.019188
0.052171
0.027910
0.017611
0.017426
0.040554
0.035851
0.055875
0.053618
0.049939
0.016664
0.016815
0.023382
0.044104
0.017700
0.056384
0.044933
0.020226
0.054843
0.054689
0.022744
0.020379
0.007491
0.051998
0.029731
0.018273
0.016818
0.021505
0.009289
0.019491
0.021657
0.053994
0.017960
0.018834
0.042566
0.038274
0.015173
0.019035
0.016201
0.013832
0.027993
0.043983
0.014726
0.042981
0.044158
0.043861
0.043448
0.046866
0.040351
0.045941
0.038431
0.041867
0.040330
0.020449
0.017692
0.037499
0.017767
0.045579
0.014936
0.044936
0.017154
0.035898
0.018666
0.015189
0.019136
0.017697
0.016736
0.017324
0.043945
0.038082
0.018670
0.025704
0.018781
0.024441
0.047688
0.038308
0.017507
0.019639
0.007181
0.038432
0.047200
0.040583
0.032819
0.045352
0.040005
0.016366
0.035253
0.015055
0.028456
0.015596
0.044112
0.013665
0.009244
0.013715
0.043648
0.040746
0.032827
0.025392
0.025638
0.015457
0.046708
0.016366
0.022679
0.015850
0.014792
0.045992
0.014426
0.033906
0.044395
0.014531
0.038259
0.017775
0.008119
0.036125
0.040349
0.040162
0.016100
0.046851
0.037349
0.039931
0.028977
0.033719
0.033782
0.019663
0.013596
0.008899
0.015822
0.015311
0.018266
0.011954
0.018863
0.033898
0.020068
0.038890
0.014978
0.013674
0.017811
0.014858
0.029966
0.024258
0.037529
0.036752
0.011140
0.012144
0.040656
0.028128
0.013515
0.035836
0.007867
0.025156
0.033428
0.014603
0.005823
0.014020
0.035996
0.012017
0.013885
0.027058
0.022393
0.012631
0.008393
0.012494
0.018595
0.034479
0.032847
0.012638
0.014889
0.019108
0.021122
0.035579
0.025680
0.034538
0.029027
0.014483
0.014345
0.017275
0.013987
0.010832
0.033229
0.025349
0.038011
0.023544
0.012862
0.035774
0.031981
0.012530
0.014473
0.012298
0.012520
0.015097
0.023672
0.013224
0.011448
0.016327
0.025935
0.022797
0.038362
0.036792
0.004615
0.007486
0.012912
0.034795
0.020552
0.012015
0.011781
0.034989
0.028121
0.036981
0.036077
0.033925
0.010991
0.011176
0.016637
0.036197
0.011987
0.038272
0.030308
0.013517
0.038385
0.039071
0.015307
0.013680
0.004423
0.036339
0.021586
0.012310
0.011265
0.014814
0.005810
0.013560
0.015084
0.036813
0.012216
0.013007
0.028492
0.025782
0.010226
0.013012
0.011070
0.009288
0.021854
0.030049
0.010132
0.029405
0.030758
0.030876
0.034940
0.033486
0.028723
0.033715
0.028180
0.030117
0.029386
0.013574
0.011946
0.029177
0.012142
0.032458
0.010031
0.031557
0.011497
0.025052
0.012957
0.010185
0.013310
0.012174
0.011526
0.012022
0.031133
0.026471
0.012853
0.018091
0.013054
0.017641
0.033895
0.026884
0.012014
0.014252
0.004447
0.026929
0.038528
0.028326
0.024611
0.032286
0.028494
0.011208
0.027356
0.010290
0.022333
0.010875
0.031332
0.009461
0.006006
0.009596
0.031020
0.029171
0.024940
0.020079
0.019506
0.010717
0.033452
0.011341
0.017068
0.011121
0.010406
0.032644
0.010090
0.023698
0.031927
0.010097
0.027483
0.012384
0.005183
0.025910
0.029628
0.029576
0.010676
0.037177
0.027254
0.029663
0.021030
0.025001
0.025413
0.013012
0.009057
0.005457
0.010703
0.010443
0.012499
0.007812
0.013087
0.024752
0.014043
0.028985
0.010359
0.009467
0.012601
0.010695
0.021496
0.018068
0.027150
0.026757
0.007190
0.008043
0.030073
0.020405
0.009363
0.027618
0.005025
0.018357
0.024398
0.010252
0.003675
0.009787
0.026410
0.008369
0.009763
0.019483
0.015955
0.008850
0.005520
0.008866
0.013393
0.024929
0.023912
0.008965
0.010571
0.013752
0.015561
0.025851
0.019352
0.025118
0.021021
0.010126
0.010255
0.012465
0.010116
0.007778
0.024046
0.019454
0.027701
0.018080
0.009226
0.026162
0.023447
0.008974
0.010105
0.008586
0.009023
0.011026
0.018456
0.009654
0.008342
0.012146
0.020629
0.017750
0.027360
0.026461
0.003058
0.005222
0.009454
0.025040
0.015697
0.008953
0.008674
0.030135
0.022680
0.026416
0.025962
0.024632
0.007984
0.008154
0.012490
0.030279
0.008848
0.027790
0.021899
0.009887
0.028403
0.029384
0.011274
0.010044
0.002898
0.027046
0.016301
0.009078
0.008259
0.011046
0.003907
0.010201
0.011103
0.026977
0.009022
0.009709
0.020610
0.018715
0.007539
0.009650
0.008212
0.006550
0.017329
0.022011
0.007576
0.021585
0.022858
0.023114
0.028598
0.025287
0.021635
0.025947
0.021465
0.022836
0.022416
0.009907
0.008849
0.023319
0.009058
0.024453
0.007391
0.023520
0.008446
0.018610
0.009425
0.007495
0.009680
0.009115
0.008627
0.009034
0.023439
0.019636
0.009619
0.013362
0.009547
0.013327
0.025558
0.020098
0.008958
0.010710
0.002999
0.020115
0.032000
0.021028
0.019201
0.024298
0.021447
0.008398
0.021886
0.007676
0.017959
0.008239
0.023539
0.007132
0.004211
0.007287
0.023346
0.022069
0.019668
0.016266
0.015364
0.008061
0.025280
0.008520
0.013362
0.008425
0.007896
0.024538
0.007631
0.017627
0.024217
0.007620
0.020845
0.009117
0.003597
0.019633
0.022842
0.022845
0.007575
0.030333
0.020905
0.023051
0.016061
0.019386
0.019937
0.009471
0.006639
0.003677
0.007915
0.007770
0.009274
0.005459
0.009782
0.019088
0.010561
0.022692
0.007748
0.007078
0.009547
0.008261
0.016405
0.013861
0.020821
0.020585
0.004971
0.005655
0.023425
0.015655
0.007037
0.021858
0.003485
0.013981
0.018829
0.007771
0.002535
0.007356
0.020462
0.006287
0.007380
0.014896
0.011912
0.006662
0.003864
0.006744
0.010077
0.019153
0.018451
0.006835
0.008033
0.010506
0.011829
0.019941
0.015038
0.019347
0.016135
0.007397
0.007836
0.009556
0.007790
0.005952
0.018482
0.015288
0.021365
0.014224
0.007053
0.020226
0.018137
0.006877
0.007429
0.006320
0.006924
0.008345
0.014767
0.007467
0.006307
0.009509
0.016752
0.014229
0.020769
0.020204
0.002172
0.003865
0.007329
0.019116
0.012412
0.007075
0.006765
0.026139
0.018757
0.020038
0.019716
0.018868
0.006176
0.006324
0.009802
0.025836
0.006917
0.021300
0.016700
0.007678
0.021984
0.023043
0.008813
0.007826
0.002066
0.021127
0.012811
0.007106
0.006430
0.008694
0.002811
0.008093
0.008576
0.020859
0.007049
0.007647
0.015771
0.014347
0.005899
0.007567
0.006444
0.004865
0.014085
0.016969
0.005989
0.016689
0.017829
0.018125
0.023953
0.019936
0.017019
0.020713
0.016989
0.018051
0.017814
0.007694
0.006961
0.019180
0.007155
0.019241
0.005786
0.018356
0.006593
0.014490
0.007183
